escala_quad    dV3  supera  plano  hits
       0.60   -300      71     43     0
       0.60   -200      54     23     0
       0.60   -100      46     21     0
       0.60     +0      30     15     1
       0.65   -300     247    115     0
       0.65   -200     205     87     4
       0.65   -100     163     68     0
       0.65     +0     146     56     0
       0.70   -300     415    358     0
       0.70   -200     329    296    17
       0.70   -100     273    223     9
       0.70     +0     219    146    22
       0.75   -300     377    375     0
       0.75   -200     287    258    19
       0.75   -100     251    205     7
       0.75     +0     219    134    12

MEJOR: quad x0.70, V3+0 -> hits=22 (supera=219, plano=146)
voltajes: V3=-269.6, V6=-208.0, V9=-310.7, V10=+235.3, V11=+260.4, V12=-225.6, V15=-0.8, V18=-252.6