==============================================================================
ORCHESTRATOR RUN REPORT
Generated: 2026-07-03T12:13:30
Study: orchestrator_loop  (beamline_study_orchestrator.db)
==============================================================================

Total real SIMION trials on record: 104
Objective: maximize hits on detector (see optimizer.py OBJECTIVE)

Best value found:  5.0
Worst value found: 0.0
Mean value:        0.07
Trials with hits > 0: 2 / 104

------------------------------------------------------------------------------
PER-TRIAL DETAIL (in trial-number order -- includes ALL runs ever
recorded on this study, not just the most recent one)
------------------------------------------------------------------------------
   #  iter  rk4rank  rk4_score   SIMION  SIMION_s  voltages (V3,V6,V9,V10,V11,V12,V15,V18)
------------------------------------------------------------------------------------------
   0     -        -        n/a      0.0       n/a  793,-409,-573,280,-549,650,-620,935
   1     -        -        n/a      0.0       n/a  974,840,-760,455,-618,-606,407,-15
   2     -        -        n/a      0.0       n/a  912,339,52,-91,900,-796,98,256
   3     -        -        n/a      0.0       n/a  928,317,658,-45,-428,670,784,-824
   4     -        -        n/a      0.0       n/a  915,914,806,986,-74,312,117,186
   5     -        -        n/a      0.0       n/a  796,421,-16,190,-351,660,-953,42
   6     1        1     -0.670      0.0       7.0  836,285,-918,929,898,528,868,840
   7     1        2     -0.670      0.0       5.4  902,369,-942,-434,-625,881,-203,-209
   8     1        3     -0.670      0.0       5.3  827,719,683,495,-463,984,260,-913
   9     1        4     -0.670      0.0       5.6  874,44,-875,-790,-165,647,938,-943
  10     1        5     -0.670      0.0       5.3  909,111,991,-525,369,329,-67,-586
  11     2        1     -0.670      0.0       8.0  904,192,-637,927,531,946,-11,-275
  12     2        2     -0.670      0.0       6.3  895,-892,45,-714,494,737,69,-956
  13     2        3     -0.670      0.0       6.9  848,-548,467,989,-257,614,919,-904
  14     2        4     -0.670      0.0       6.5  854,-322,396,653,-244,610,-880,478
  15     2        5     -0.670      0.0       6.5  816,-663,108,-927,-163,542,-915,563
  16     3        1     -0.670      0.0       6.7  976,436,-306,-425,-194,279,-249,911
  17     3        2     -0.670      0.0       6.2  994,-990,-663,-764,468,-205,6,533
  18     3        3     -0.670      0.0       7.0  861,184,-474,132,-881,181,630,-916
  19     3        4     -0.670      0.0       7.2  837,-822,-704,-618,-510,196,-443,178
  20     3        5     -0.670      0.0       6.0  678,-893,926,597,-101,766,-455,503
  21     4        1     -0.670      0.0       7.2  896,-340,532,-702,-700,752,-408,-172
  22     4        2     -0.670      0.0       6.9  850,-199,-55,-664,853,514,461,-341
  23     4        3     -0.670      0.0       6.1  780,307,-655,756,766,765,-391,-321
  24     4        4     -0.670      0.0       6.1  864,921,-300,935,127,136,84,426
  25     4        5     -0.670      0.0       5.9  702,-932,-218,-247,-855,978,463,74
  29     1        1     -0.670      0.0       8.7  -771,-1000,630,-907,1000,-1000,812,1000
  30     1        2     -0.670      0.0       6.5  -823,-1000,658,-885,821,-1000,823,1000
  31     1        3     -0.670      0.0       5.1  -726,1000,840,-944,-1000,-1000,810,1000
  32     1        4     -0.670      0.0       5.4  -865,-1000,906,-965,1000,-900,1000,1000
  36     2        1     -0.670      0.0       5.5  -644,-959,-1000,884,-903,-1000,-1000,-1000
  37     2        2     -0.670      0.0       5.0  -681,1000,932,1000,-1000,-984,-1000,807
  38     2        3     -0.670      0.0       4.3  -689,993,1000,860,-1000,-970,-1000,1000
  39     2        4     -0.670      0.0       5.1  -721,1000,886,885,-1000,-1000,-935,806
  40     1        1     +0.019      0.0       5.7  -199,-149,-565,447,461,-277,107,-183
  41     1        2     -0.038      0.0       5.1  -233,-230,-324,493,441,-494,158,-338
  42     1        3     -0.039      2.0       5.3  -270,-208,-444,336,372,-322,-1,-253
  43     1        4     -0.068      0.0       6.0  -366,-331,-505,464,411,-342,-48,-20
  44     1        5     -0.085      0.0       6.3  -300,-300,-455,455,455,-455,0,0
  45     1        6     -0.089      0.0       4.7  -222,-147,-555,536,473,-227,-0,149
  46     1        7     -0.104      0.0       4.8  -509,-334,-586,605,477,-338,20,39
  47     1        8     -0.127      0.0       5.0  -426,-376,-507,535,394,-413,-26,-127
  48     1        9     -0.129      0.0       6.6  -389,-319,-466,471,450,-429,-251,124
  49     1       10     -0.147      0.0       6.2  -435,-328,-470,626,542,-568,102,116
  50     2        1     -0.072      0.0       5.0  -138,-192,-423,498,430,-325,-169,-63
  51     2        2     -0.085      0.0       7.6  -300,-300,-455,455,455,-455,0,0
  52     2        3     -0.106      0.0      11.0  -425,-214,-187,512,501,-507,163,81
  53     2        4     -0.119      0.0       9.4  -341,-403,-321,439,341,-475,-136,29
  54     2        5     -0.131      0.0       8.1  -294,-256,-842,538,548,-525,17,-42
  55     2        6     -0.142      0.0       7.7  -327,-407,-370,749,486,-623,217,-282
  56     2        7     -0.179      0.0       7.8  -200,-267,-605,502,507,-588,156,76
  57     2        8     -0.203      0.0       5.1  -258,-383,-308,408,406,-574,68,-15
  58     2        9     -0.208      0.0       6.5  -595,-282,-645,625,576,-621,-133,15
  59     2       10     -0.226      0.0       5.5  -502,-389,-469,559,653,-576,83,-67
  60     1        1     +0.019      0.0       5.2  -199,-149,-565,447,461,-277,107,-183
  61     1        2     -0.038      0.0       5.2  -233,-230,-324,493,441,-494,158,-338
  62     1        3     -0.039      5.0       4.8  -270,-208,-444,336,372,-322,-1,-253
  63     1        4     -0.058      0.0       4.4  -363,-260,-452,420,425,-433,65,-133
  64     1        5     -0.068      0.0       4.4  -366,-331,-505,464,411,-342,-48,-20
  65     1        6     -0.068      0.0       4.5  -428,-194,-171,513,502,-176,-3,-46
  66     1        7     -0.077      0.0       4.9  -222,-147,-555,536,473,-227,-0,149
  67     1        8     -0.085      0.0       4.7  -300,-300,-455,455,455,-455,0,0
  68     1        9     -0.098      0.0       4.4  -350,-514,-677,386,373,-266,56,-237
  69     1       10     -0.104      0.0       4.5  -509,-334,-586,605,477,-338,20,39
  70     2        1     -0.054      0.0       4.7  -138,-192,-423,498,430,-325,-169,-63
  71     2        2     -0.072      0.0       4.9  -213,-219,-215,543,452,-254,229,-71
  72     2        3     -0.085      0.0       5.3  -300,-300,-455,455,455,-455,0,0
  73     2        4     -0.090      0.0       4.7  -333,-282,-253,634,480,-570,-62,163
  74     2        5     -0.093      0.0       4.7  -375,-229,-354,573,481,-367,-10,-213
  75     2        6     -0.106      0.0       4.3  -425,-214,-187,512,501,-507,163,81
  76     2        7     -0.110      0.0       5.0  -299,-407,-846,517,362,-511,-98,163
  77     2        8     -0.119      0.0       4.7  -341,-403,-321,439,341,-475,-136,29
  78     2        9     -0.120      0.0       4.9  -490,-436,-347,426,374,-363,42,-33
  79     2       10     -0.131      0.0       4.4  -294,-256,-842,538,548,-525,17,-42
  80     3        1     +0.045      0.0       4.8  -321,-147,-263,470,467,-425,156,-158
  81     3        2     +0.001      0.0       4.7  -272,-233,-596,408,415,-411,-5,-182
  82     3        3     -0.002      0.0       4.6  -327,-219,-165,415,418,-305,-133,-44
  83     3        4     -0.035      0.0       4.4  -275,-190,-543,512,452,-213,-99,157
  84     3        5     -0.060      0.0       4.4  -370,-110,-443,397,434,-320,-129,-56
  85     3        6     -0.085      0.0       4.3  -300,-300,-455,455,455,-455,0,0
  86     3        7     -0.086      0.0       4.4  -461,-269,-238,472,443,-440,126,-121
  87     3        8     -0.088      0.0       4.7  -419,-280,-472,537,489,-72,225,225
  88     3        9     -0.100      0.0       5.1  -233,-510,-623,431,330,-560,-11,-21
  89     3       10     -0.103      0.0       4.5  -152,-187,-274,562,459,-330,89,-15
  90     1        1     -0.051      0.0       5.1  -330,-340,-336,268,342,-567,-79,-71
  91     1        2     -0.064      0.0       4.7  -363,-217,-229,170,384,-515,108,123
  92     1        3     -0.078      0.0       4.8  -275,-328,-516,467,407,-572,-247,-15
  93     1        4     -0.082      0.0       5.0  -382,-106,-651,519,518,-488,-125,-70
  94     1        5     -0.085      0.0       4.4  -365,-266,-212,413,429,-447,-297,149
  95     1        6     -0.086      0.0       4.6  -290,-152,-775,609,594,-533,-83,-218
  96     1        7     -0.092      0.0       5.0  -413,-193,-505,489,417,-630,186,-19
  97     1        8     -0.096      0.0       4.4  -190,-340,-259,491,358,-392,-224,-87
  98     1        9     -0.121      0.0       4.5  -358,-324,-464,555,502,-452,-64,-289
  99     1       10     -0.134      0.0       6.1  -429,-484,-654,524,385,-397,-96,-54
 100     2        1     +0.018      0.0       5.0  -250,-47,-272,314,397,-707,-160,-97
 101     2        2     -0.008      0.0       6.9  -221,-116,-413,467,496,-382,-29,-68
 102     2        3     -0.035      0.0       5.5  -196,-281,-422,458,393,-305,73,-137
 103     2        4     -0.065      0.0       4.2  -282,-273,-682,501,384,-493,-201,376
 104     2        5     -0.085      0.0       4.2  -480,-305,-675,420,388,-559,184,243
 105     2        6     -0.090      0.0       4.2  -246,-306,-291,462,338,-701,158,-403
 106     2        7     -0.112      0.0       4.3  -339,-119,-520,603,597,-243,-13,70
 107     2        8     -0.112      0.0       4.2  -372,-161,-478,529,544,-503,-185,-181
 108     2        9     -0.116      0.0       4.1  -290,-196,-285,364,447,-381,-181,-142
 109     2       10     -0.117      0.0       4.3  -283,-253,-551,661,609,-492,-230,48

------------------------------------------------------------------------------
DOES THE RK4 SCORE PREDICT THE REAL SIMION OUTCOME?
------------------------------------------------------------------------------
Pearson correlation (RK4 combined_score vs real SIMION hits), n=98: +0.106

------------------------------------------------------------------------------
PER-ITERATION SUMMARY (most recent orchestrate() call)
------------------------------------------------------------------------------
  iteration 1: 39 SIMION runs, values=[0.0, 0.0, 0.0, 0.0, 0.0, 0.0, 0.0, 0.0, 0.0, 0.0, 0.0, 2.0, 0.0, 0.0, 0.0, 0.0, 0.0, 0.0, 0.0, 0.0, 0.0, 5.0, 0.0, 0.0, 0.0, 0.0, 0.0, 0.0, 0.0, 0.0, 0.0, 0.0, 0.0, 0.0, 0.0, 0.0, 0.0, 0.0, 0.0], best=5.0
  iteration 2: 39 SIMION runs, values=[0.0, 0.0, 0.0, 0.0, 0.0, 0.0, 0.0, 0.0, 0.0, 0.0, 0.0, 0.0, 0.0, 0.0, 0.0, 0.0, 0.0, 0.0, 0.0, 0.0, 0.0, 0.0, 0.0, 0.0, 0.0, 0.0, 0.0, 0.0, 0.0, 0.0, 0.0, 0.0, 0.0, 0.0, 0.0, 0.0, 0.0, 0.0, 0.0], best=0.0
  iteration 3: 15 SIMION runs, values=[0.0, 0.0, 0.0, 0.0, 0.0, 0.0, 0.0, 0.0, 0.0, 0.0, 0.0, 0.0, 0.0, 0.0, 0.0], best=0.0
  iteration 4: 5 SIMION runs, values=[0.0, 0.0, 0.0, 0.0, 0.0], best=0.0

NOTE: 'iteration' numbers reset to 1 at the start of every orchestrate() call --
if this study has been run more than once, trials from different runs may share
the same iteration number. Use trial # (globally unique) to distinguish runs.

------------------------------------------------------------------------------
BEST TRIAL
------------------------------------------------------------------------------
Trial #62, value=5.0
   V3: -269.59
   V6: -207.97
   V9: -443.78
   V10: 336.08
   V11: 371.97
   V12: -322.32
   V15: -0.82
   V18: -252.57

==============================================================================